1943031552966477 | 
818630637901100 | 
891371727003931 | 
1502550084772425 | 
959148269851207 | 
1998264967771272 | 
1251768030402628 | 
846733691772055 | 
1679396176389050 | 
1460996545548494 | 
1700185511332007 | 
3683065091833420 | 
1761974584764136 | 
2151460348965324 | 
1413164960122520 | 
3274542279373336 | 
1791842025106146 | 
1648041369526943 | 
1254675570188382 | 
1463500091815886 | 
1291191289548622 | 
1407160431096709 | 
921883187393487 | 
929849879677745 | 
963135089527374 | 
1613208136611636 | 
2180872236076599 | 
1271702011598509 | 
1169244288488272 | 
844256065326599 | 
1458994402187344 | 
1888556851922244 | 
824166283325736 | 
1101265485269937 | 
887849753564583 | 
1838897243685498 | 
1356077939548451 | 
2125253191543003 | 
1282352993303078 | 
1486510639195236 | 
1338951214525229 | 
1141949004410360 | 
1397891095146491 | 
1191426802384569 | 
2793637224325579 | 
829475489447173 | 
853583194288352 | 
1156646272627806 | 
774243585182330 | 
1638225040916955 | 
2042664179798589 | 
1363216909197399 | 
1416526716911627 | 
1503124238491428 | 
958862160400039 | 
1986317798655281 | 
2746587915704726 | 
862606430185749 | 
2145320499622656 | 
2895844247429389 | 
1960571628200093 | 
977031251606345 | 
3949749368492011 | 
845504365020593 | 
931562586505486 | 
2487138905069356 | 
2269163057188636 | 
1303147465216686 | 
2109457749622215 | 
1657434048834766 | 
1997886780828122 | 
1426331672592734 | 
1705092667209096 | 
28008549488730711 | 
1664981117957678 | 
922400257281103 | 
34520179480960023 | 
2002292387069225 | 
1740078083528645 | 
923451564041736 | 
25542482722091573 | 
976006498699882 | 
