1359479291355887 | 
959925996038471 | 
2408873572888177 | 
1751606815982279 | 
2212462915949922 | 
27198629323072758 | 
763982893156329 | 
925042020250529 | 
1447890797129483 | 
4159629564299324 | 
948339591206509 | 
1573957857919123 | 
926304716758066 | 
1243145450821588 | 
1443021637289872 | 
912313234576501 | 
905456315551293 | 
938708021968065 | 
26171346912551321 | 
2425231491250270 | 
1314624390488290 | 
2864875283847739 | 
786790440682434 | 
3902071163425554 | 
1606572903729904 | 
1511855307071179 | 
1622952725444098 | 
1507115204147605 | 
1640634900535313 | 
987133813863889 | 
2363700214096413 | 
3272168642993920 | 
1486805773188612 | 
906543819105340 | 
4332986053637980 | 
26578042991888933 | 
