4173724046210755 | 
1276848194425910 | 
1914271752514007 | 
990273826657218 | 
1289713976553599 | 
918086827644613 | 
743257615284486 | 
2385644458608673 | 
1219153503732120 | 
2749077158781313 | 
897099989782846 | 
2346571592523119 | 
1629227034871453 | 
1462239992122933 | 
1621038265610277 | 
3301675656658173 | 
1217887040554474 | 
1458227969333974 | 
946774471119847 | 
1595774278139431 | 
2284824962008421 | 
2167332220737310 | 
945671061305082 | 
907544828680219 | 
1828799834468215 | 
27131745573177887 | 
2273488586792158 | 
999405309589971 | 
2016183012335537 | 
1643241776967369 | 
1227594492654288 | 
1657455552146895 | 
1736097637399841 | 
890807760737808 | 
1826271801670485 | 
973869255635093 | 
2171910440405064 | 
