414180735039309 | 
944597147491673 | 
916611113348887 | 
1853650338570613 | 
2128057984398735 | 
1195827879331910 | 
671641052637810 | 
1392394279303618 | 
1335885791389271 | 
891592753347690 | 
2818212625051102 | 
1931302011146533 | 
838755842440532 | 
1610780190366069 | 
3359496364206216 | 
1555764055537536 | 
1205644201761579 | 
2384641488652317 | 
693675699925506 | 
1479398870182541 | 
1079347984107545 | 
1285477703393022 | 
4148559842063791 | 
1550551552714174 | 
961775969757300 | 
2034238140839260 | 
954066173737891 | 
782183744613843 | 
1649265553164359 | 
819950033798712 | 
958664389947702 | 
979223207771252 | 
1493822675704610 | 
1477930527044829 | 
1009426288105288 | 
833045613158940 | 
1566900814374773 | 
960812943162465 | 
961862433374175 | 
1836903650339449 | 
950760434334519 | 
2181598619324157 | 
1328322639314738 | 
1502129828173490 | 
997847439262052 | 
2569378536850062 | 
2049706752281233 | 
916788987876832 | 
1333442715346939 | 
1001810985610541 | 
1466590378326149 | 
1181005134054667 | 
1070119879523957 | 
1304142261813614 | 
2356711568188996 | 
