944597147491673 | 
2128057984398735 | 
1195827879331910 | 
1392394279303618 | 
891592753347690 | 
1931302011146533 | 
1610780190366069 | 
1555764055537536 | 
1205644201761579 | 
2384641488652317 | 
1479398870182541 | 
1285477703393022 | 
1493822675704610 | 
1477930527044829 | 
1009426288105288 | 
833045613158940 | 
1566900814374773 | 
961862433374175 | 
1836903650339449 | 
2181598619324157 | 
997847439262052 | 
2569378536850062 | 
2049706752281233 | 
1333442715346939 | 
1466590378326149 | 
1181005134054667 | 
1070119879523957 | 
1477432520417707 | 
