566063349310461 | 
504004572480398 | 
1391907149284363 | 
4260872664059079 | 
1571297284092241 | 
708161928956745 | 
1263184715148094 | 
1202743231936111 | 
1621864869010297 | 
2126730934771179 | 
943478338624523 | 
1246765806912398 | 
1292159756101347 | 
917058804378162 | 
906344072137730 | 
1467128624844886 | 
1375331237616543 | 
965309002681030 | 
938284739378462 | 
937225055448808 | 
1258443965638753 | 
3285828324915543 | 
1579302523327983 | 
1390802656068844 | 
1463436968722624 | 
2467530813706038 | 
1221659340183149 | 
2020712132189418 | 
767422483110862 | 
1579032030055916 | 
1977563546165816 | 
937855772447342 | 
3134550470064720 | 
4450648615214622 | 
918183564311570 | 
1995067231438961 | 
1569086751056791 | 
924589423826307 | 
2393343097838542 | 
1567389124322964 | 
911817054819638 | 
922238820521151 | 
902988879035841 | 
927306953373395 | 
1454336876283983 | 
1118465490406164 | 
1282419210467963 | 
952700030517732 | 
25733984846283230 | 
1980561723344003 | 
1999260374347269 | 
1221079086680615 | 
927860383550940 | 
2191470354721846 | 
34493592623618834 | 
1352897482811414 | 
1513528273013394 | 
1629984321482206 | 
1124455512922385 | 
1147981193966831 | 
3266710130144248 | 
919781460560496 | 
1408040563803366 | 
1414177933728450 | 
1783361805604561 | 
2365407917310795 | 
607546939085975 | 
4266897453598461 | 
2418305201948215 | 
872688498701548 | 
774387891699121 | 
1472777750856645 | 
2072630583470481 | 
1193324299264928 | 
1893688738216176 | 
895814562832602 | 
1555954255690016 | 
1389534525764374 | 
699277506260014 | 
1162469758673614 | 
1600859577794530 | 
1208136361364232 | 
2951560595040206 | 
1314783087164897 | 
25910287795321481 | 
1248969146811719 | 
4424303514555869 | 
1494288999145809 | 
1817308825607275 | 
1437426320712887 | 
2354146165052658 | 
2403138120131768 | 
1298193058954788 | 
2097855857442944 | 
2221910755230146 | 
994647863545117 | 
2802972190101210 | 
2465350337242531 | 
1047314611574666 | 
1474392644178279 | 
1220702999975436 | 
1380791650544974 | 
1963304207879983 | 
1543246267143353 | 
2351045708755720 | 
1338100848214079 | 
903524182717989 | 
1272262287787673 | 
1472034924090600 | 
2397310267436941 | 
998618632680667 | 
1488594156247408 | 
2493755051041802 | 
810581708792719 | 
1019684723829331 | 
27056081984078127 | 
965065516112029 | 
1681162943144167 | 
27907324418851638 | 
2002839827285391 | 
2161496197758985 | 
915767621224440 | 
1533098981711725 | 
2449405235523321 | 
1019055680797893 | 
1495564865373018 | 
1550461440406477 | 
1796902061270240 | 
1483492003238329 | 
