1571297284092241 | 
1621864869010297 | 
2126730934771179 | 
1292159756101347 | 
917058804378162 | 
906344072137730 | 
1467128624844886 | 
1375331237616543 | 
965309002681030 | 
938284739378462 | 
937225055448808 | 
1258443965638753 | 
1579302523327983 | 
1221659340183149 | 
2020712132189418 | 
767422483110862 | 
3134550470064720 | 
924589423826307 | 
1567389124322964 | 
1118465490406164 | 
1437426320712887 | 
1980561723344003 | 
927860383550940 | 
2191470354721846 | 
1124455512922385 | 
919781460560496 | 
1408040563803366 | 
1783361805604561 | 
607546939085975 | 
872688498701548 | 
774387891699121 | 
2072630583470481 | 
1193324299264928 | 
1893688738216176 | 
895814562832602 | 
1555954255690016 | 
1389534525764374 | 
1162469758673614 | 
2951560595040206 | 
1314783087164897 | 
4424303514555869 | 
1494288999145809 | 
1817308825607275 | 
994647863545117 | 
2802972190101210 | 
1047314611574666 | 
1220702999975436 | 
1338100848214079 | 
1272262287787673 | 
1472034924090600 | 
2397310267436941 | 
998618632680667 | 
1483492003238329 | 
2086150195638672 | 
2097399284164994 | 
1284961830415593 | 
958825203437908 | 
26679911211681147 | 
1012046988049363 | 
995766219533467 | 
2148061102655543 | 
2563120244117206 | 
1019684723829331 | 
1681162943144167 | 
27907324418851638 | 
2449405235523321 | 
1495564865373018 | 
1550461440406477 | 
1514322557145119 | 
2132957514161476 | 
1280544844065728 | 
1732564024766092 | 
927363810120312 | 
1506449760981804 | 
866354053146930 | 
1631767934640442 | 
1613683736397883 | 
1774224270618841 | 
1604812167293681 | 
956577143873991 | 
1014439224599574 | 
1796902061270240 | 
