1856239401820850 | 
1594022341873521 | 
1435649550869950 | 
1416840659683320 | 
930020989531191 | 
816576200849418 | 
1488114132737759 | 
918999710901396 | 
832114879914228 | 
1594719161817946 | 
825459593185745 | 
1258278286416024 | 
2199289387479742 | 
2085097069006579 | 
948613710938713 | 
1422022636332548 | 
2508820976182936 | 
1504829254501174 | 
2060609658671415 | 
1612522493391201 | 
1696737247962376 | 
1618904109323619 | 
963052906152729 | 
1494447462026806 | 
686409071202796 | 
1453583089435814 | 
2091881495058014 | 
931191525978560 | 
1308551034429064 | 
1246702027435909 | 
1269791864744040 | 
1577332593497896 | 
940783351740412 | 
1274314067994250 | 
904109535867950 | 
801310509698089 | 
1617957299423064 | 
1229863445972093 | 
1592065688909321 | 
933690279308542 | 
831157089996480 | 
1471115584530161 | 
1453731303208786 | 
919856044364451 | 
26326755613630731 | 
2098386130953394 | 
1015117327607412 | 
27237956462512320 | 
1230314099174056 | 
1264412732134593 | 
1665729074676569 | 
1052804530831951 | 
960577496772108 | 
1364835018793991 | 
27031678019761561 | 
1721123555723054 | 
1583825323345269 | 
2034095547490035 | 
2518189155357022 | 
976719151779512 | 
2050665472500291 | 
895790026871119 | 
1660563708702350 | 
2741190219597820 | 
915405401513888 | 
958598670308153 | 
2413652942450983 | 
3980863232048371 | 
1631395104600148 | 
1325512036341041 | 
1931253310841057 | 
3974257262706793 | 
2059026782162008 | 
3074534922937110 | 
2144256639774938 | 
2539569986498100 | 
1680648279643510 | 
1290834995847703 | 
1519596616480112 | 
2210107619808254 | 
993947459852231 | 
4584926108417412 | 
