1371398684585305 | 
689640780459918 | 
1333942094664191 | 
672004342419226 | 
851758394463706 | 
27455433087379081 | 
1233241292229342 | 
731338743334499 | 
972792658437038 | 
1287575223233181 | 
911497405023445 | 
4218397721753426 | 
25190054487359567 | 
1477849427118952 | 
1352182013148509 | 
990023130271153 | 
1214282990987945 | 
26827748743546202 | 
1345827967407767 | 
956969126953882 | 
831618026666039 | 
1643056766919246 | 
1333250412026237 | 
2087958352129748 | 
1455683682520723 | 
1236319455183071 | 
1501354044769917 | 
857750137372462 | 
1705943580451828 | 
879106374447963 | 
943419155348961 | 
812896444956494 | 
967767699224002 | 
3940898279374440 | 
1643522226759410 | 
771890892676573 | 
1668842171093934 | 
1328325232484305 | 
1887568338596407 | 
3503189423154917 | 
2247090579371374 | 
943486798523707 | 
1729903667995804 | 
941145082249127 | 
1862923711010584 | 
1490074699159848 | 
3892739334194523 | 
1011126874928730 | 
1699862574765404 | 
1346614997044428 | 
