1267124278641616 | 
1249222477168676 | 
3128324010698676 | 
1774013853311955 | 
1359289672907734 | 
915000891496562 | 
1161066396179496 | 
923516890465948 | 
820380237464409 | 
924754043301466 | 
1336334118323596 | 
1657868965458600 | 
741698428875124 | 
1036499776216316 | 
949165171006974 | 
1451325940367059 | 
915866834422813 | 
983733164326786 | 
2121113595376319 | 
996655246360569 | 
774549938754470 | 
866687252552324 | 
932211012529153 | 
916124731251817 | 
963069022885513 | 
925850906692095 | 
922483567042305 | 
892507787083092 | 
1698006251538399 | 
1210998957772073 | 
810581284834801 | 
1603426557367761 | 
904945792534914 | 
1168630068591257 | 
1174711181259060 | 
1292218579452121 | 
1915627919314181 | 
1738722434232697 | 
2228148741308999 | 
1567481858318676 | 
984561040616658 | 
1168948135379155 | 
1511204300652840 | 
2062737047986756 | 
27674890098785062 | 
2466387043834074 | 
1321576003413922 | 
855989520389321 | 
828541000049781 | 
776293322144993 | 
1761560961868584 | 
2041146313447986 | 
1042730958417248 | 
1086933164511636 | 
3183800081792293 | 
1539986324144592 | 
1212955270842896 | 
990108043386454 | 
967006529282272 | 
1764995214303375 | 
1106422049228421 | 
