1346161390047586 | 
880400808070578 | 
746645214665491 | 
1420354679410956 | 
1424789468710457 | 
25761916516837585 | 
994935946125849 | 
4226822614250158 | 
1723425261795060 | 
959407783691952 | 
1435542778272345 | 
908359228629275 | 
2116779672412183 | 
4413333032323053 | 
889122017152846 | 
2223552415118197 | 
1291636272837539 | 
1318597603649438 | 
894638490001244 | 
2899849730350275 | 
1490516826027176 | 
1093542822955367 | 
1238716491276230 | 
1886452378661127 | 
1927207147881375 | 
891088670404342 | 
1849441485771640 | 
4641075702788119 | 
1208614461471161 | 
2657362011306785 | 
902167255753237 | 
930094509610490 | 
1452820346178911 | 
901338792879389 | 
900704706103170 | 
916780471097703 | 
968108799109989 | 
1607676157136828 | 
1513092410175383 | 
1677421393616026 | 
2033507417201504 | 
1416726570192242 | 
1254111070017032 | 
2379170345934223 | 
892060050296306 | 
1361453552335762 | 
1920467408594056 | 
2190615731765211 | 
4283497701910984 | 
1438932367679547 | 
1878704766865563 | 
1273079928257941 | 
710899768684231 | 
1381833913715743 | 
2529901204130225 | 
3432782160221240 | 
2014950369427843 | 
2778499992509160 | 
814612810946713 | 
1808760106471980 | 
35385714084361120 | 
1829382667759588 | 
2106787210119237 | 
1594871908414377 | 
2791971611153270 | 
941615212089203 | 
1213623190609620 | 
1660893341620228 | 
2878751005913427 | 
2444528762719804 | 
1952768598654826 | 
2912168269123308 | 
1471106884735278 | 
975486308516378 | 
1461687671940757 | 
1674167250493981 | 
975683014920037 | 
998640459326587 | 
1434596472020176 | 
859549733865570 | 
1005165428870705 | 
4390564794592611 | 
1664212791450382 | 
831792626675651 | 
