779798257827188 | 
883239510983261 | 
2110024039743580 | 
943791844997835 | 
1483384687131930 | 
1728601341854789 | 
872072752267860 | 
2245923002602281 | 
939737881938153 | 
1225276779716820 | 
1865226697696271 | 
4182023622062085 | 
1276869051007464 | 
1221945696712175 | 
1616251719611803 | 
2056030404939461 | 
903567162585610 | 
1457135965767246 | 
914465947608096 | 
890300017299198 | 
1963719727888139 | 
1446116060635955 | 
1561557648253324 | 
1993461087875529 | 
1838154020238008 | 
863084969822884 | 
767497632666371 | 
2324266518103662 | 
26892057097153378 | 
957235010258505 | 
1551490189966210 | 
1736305124026225 | 
1481060537052936 | 
980324181027524 | 
818391167764509 | 
985200211119521 | 
1509445407575664 | 
1681004512920689 | 
1484483475963127 | 
1731558658009155 | 
1288745816749001 | 
1468176701290997 | 
1510869783783060 | 
1502290287993603 | 
1002040615841934 | 
1323193332559692 | 
1683998129508432 | 
1005916868813802 | 
1909040486481331 | 
4239665339696926 | 
1738088527549465 | 
