1483384687131930 | 
939737881938153 | 
1225276779716820 | 
1865226697696271 | 
1221945696712175 | 
1616251719611803 | 
2056030404939461 | 
903567162585610 | 
1457135965767246 | 
890300017299198 | 
1963719727888139 | 
1446116060635955 | 
1561557648253324 | 
1993461087875529 | 
1838154020238008 | 
26892057097153378 | 
818391167764509 | 
1509445407575664 | 
1681004512920689 | 
1484483475963127 | 
1288745816749001 | 
1510869783783060 | 
1502290287993603 | 
1002040615841934 | 
1323193332559692 | 
1005916868813802 | 
4239665339696926 | 
1738088527549465 | 
26682065824822364 | 
