1416806330135986 | 
1841653943423292 | 
1014121843393353 | 
908275748284011 | 
970605025246385 | 
1163928048747775 | 
1626761661288172 | 
1206546008293401 | 
1398720781348754 | 
3548166412156882 | 
694421699976253 | 
1961409558052353 | 
887952050405137 | 
1597805837915517 | 
1980639052754359 | 
1958932344919677 | 
1189190909420339 | 
1178717954016829 | 
1343879527663219 | 
1304918455134009 | 
1496392888731318 | 
1522268633016415 | 
4202447030008624 | 
1518722086571603 | 
1276120428057690 | 
1486143486248737 | 
956870716959175 | 
1660798258456110 | 
1423785612884820 | 
998335012789216 | 
1324324276263986 | 
2186440118783353 | 
2049514066445280 | 
2120129021892986 | 
27615069808079666 | 
1622813145445933 | 
974039011839953 | 
1612835703348081 | 
1292924362967051 | 
1546401473671305 | 
1449928249714825 | 
959023063726709 | 
1339656344735431 | 
1693854341648932 | 
2361219137734468 | 
